8.091906 -1.730349 1.000000 
7.174287 -13.072312 1.000000 
10.924247 -4.698333 1.000000 
10.011150 2.504397 1.000000 
11.867867 -5.804349 1.000000 
8.229457 -10.510107 1.000000 
8.466399 -0.874226 1.000000 
3.109784 3.251712 1.000000 
8.380227 -10.333881 1.000000 
13.475783 -3.736334 1.000000 
-4.691685 -12.007800 1.000000 
11.541016 -8.486720 1.000000 
9.695975 -3.786634 1.000000 
7.210678 -12.951856 1.000000 
11.535324 0.806466 1.000000 
9.893120 -1.660389 1.000000 
12.387291 -8.035206 1.000000 
3.490881 3.086870 1.000000 
10.686242 -10.034957 1.000000 
8.975996 -2.283307 1.000000 
10.287059 -8.556860 1.000000 
7.130415 -7.194247 1.000000 
0.562509 -16.746166 1.000000 
0.294304 -16.125013 1.000000 
6.732332 -12.870543 1.000000 
7.829006 -10.886895 1.000000 
9.696285 -9.063842 1.000000 
12.523555 -7.303799 1.000000 
9.819084 -4.427960 1.000000 
10.621985 -6.822485 1.000000 
4.560648 6.482270 1.000000 
0.103469 -14.379112 1.000000 
10.497797 -8.853864 1.000000 
10.674869 -11.170444 1.000000 
11.309007 -2.338840 1.000000 
10.219739 -0.043387 1.000000 
5.883379 3.457323 1.000000 
4.607641 -13.685598 1.000000 
10.513588 -8.446462 1.000000 
8.081736 -11.818030 1.000000 
0.280337 5.083518 1.000000 
8.885587 4.039856 1.000000 
10.294541 3.198200 1.000000 
7.081801 -3.854318 1.000000 
9.953035 -5.604143 1.000000 
13.075017 -6.083670 1.000000 
2.192338 6.423935 1.000000 
8.612459 -3.090005 1.000000 
10.609776 2.406111 1.000000 
7.250535 -0.611688 1.000000 
10.649383 -9.159475 1.000000 
13.047650 -5.845826 1.000000 
-4.383466 -14.111611 1.000000 
9.455374 -5.546118 1.000000 
4.909692 4.171778 1.000000 
5.436448 0.927605 1.000000 
6.425369 1.040893 1.000000 
14.718051 -0.053829 1.000000 
2.317325 6.126169 1.000000 
6.440357 -12.899157 1.000000 
10.851733 -8.589260 1.000000 
9.541161 -6.752383 1.000000 
7.440753 -13.002741 1.000000 
10.160340 -7.342078 1.000000 
1.312305 -13.237396 1.000000 
12.102830 -8.033386 1.000000 
9.198143 1.214241 1.000000 
8.682824 -10.788036 1.000000 
10.080046 -8.185854 1.000000 
11.039575 -9.836613 1.000000 
-0.679655 6.126684 1.000000 
9.192942 -11.144748 1.000000 
13.455755 -4.653574 1.000000 
1.361594 5.254286 1.000000 
2.804632 -13.814407 1.000000 
8.009758 -13.833743 1.000000 
11.905434 -5.560236 1.000000 
1.829202 -14.701979 1.000000 
2.390486 -14.434012 1.000000 
9.276787 -8.842230 1.000000 
8.871648 -0.923203 1.000000 
9.055926 0.428272 1.000000 
11.116533 -7.526672 1.000000 
11.834060 -5.690824 1.000000 
2.060104 -12.457535 1.000000 
6.720596 -15.579416 1.000000 
5.615560 -13.449577 1.000000 
11.520128 -1.964881 1.000000 
7.414821 0.944117 1.000000 
-5.364379 -14.162853 1.000000 
6.419487 1.327878 1.000000 
6.282176 -13.928575 1.000000 
7.167934 -0.043811 1.000000 
10.513437 -7.807315 1.000000 
-0.892179 5.845287 1.000000 
-1.764715 5.331930 1.000000 
5.432831 -10.354140 1.000000 
1.579415 3.063185 1.000000 
0.741870 -15.136746 1.000000 
4.324127 -15.265297 1.000000 
5.538368 5.082897 1.000000 
2.178388 4.547111 1.000000 
12.188943 -10.488708 1.000000 
8.509847 -3.508917 1.000000 
-0.591686 2.940467 1.000000 
10.068596 -6.392896 1.000000 
10.898144 -4.541448 1.000000 
10.500076 -11.626846 1.000000 
5.212479 -15.027267 1.000000 
5.694109 7.467701 1.000000 
8.608433 -7.734234 1.000000 
9.180042 -9.556182 1.000000 
3.122932 -15.516006 1.000000 
1.388008 -12.233908 1.000000 
-2.180815 4.001646 1.000000 
2.962800 1.915909 1.000000 
8.275920 -11.677128 1.000000 
10.078961 -4.137498 1.000000 
7.814288 -10.087178 1.000000 
10.871198 -1.531772 1.000000 
6.178294 4.067970 1.000000 
4.922277 3.670095 1.000000 
9.632412 -2.502666 1.000000 
11.893609 -9.742517 1.000000 
10.542489 1.698335 1.000000 
4.702492 3.928092 1.000000 
9.175014 6.156700 1.000000 
11.391098 -8.577865 1.000000 
10.370856 -6.838913 1.000000 
0.285086 7.131165 1.000000 
7.919262 -10.767295 1.000000 
9.982162 -4.158310 1.000000 
1.008040 -15.245141 1.000000 
10.462733 -10.142541 1.000000 
13.602668 -6.896872 1.000000 
10.969120 -9.303296 1.000000 
-3.218115 2.388893 1.000000 
4.903115 -15.275291 1.000000 
7.515628 3.371173 1.000000 
-11.248219 -7.497200 1.000000 
9.400977 0.615216 1.000000 
10.297345 -4.340037 1.000000 
9.621205 -6.018267 1.000000 
12.932873 -7.617674 1.000000 
11.599122 -4.078397 1.000000 
9.451858 -6.645045 1.000000 
-0.523453 -17.253174 1.000000 
11.467976 -7.598604 1.000000 
9.732195 -8.425129 1.000000 
-2.628559 5.415152 1.000000 
12.013055 -0.705487 1.000000 
6.334187 5.237548 1.000000 
9.651997 1.719561 1.000000 
8.567699 -5.579216 1.000000 
8.765562 2.177751 1.000000 
8.793365 -0.969117 1.000000 
9.035462 -11.477061 1.000000 
-0.135543 -15.754570 1.000000 
4.850833 3.560622 1.000000 
12.198163 -5.840329 1.000000 
4.634269 -14.755527 1.000000 
7.632131 -12.553720 1.000000 
10.488618 -12.951607 1.000000 
8.642175 -11.865657 1.000000 
4.244078 3.521166 1.000000 
10.957259 -5.206013 1.000000 
12.725172 -5.386668 1.000000 
10.309170 -5.830486 1.000000 
7.201525 -9.863486 1.000000 
5.855909 -14.192000 1.000000 
-0.833930 -15.663972 1.000000 
10.759257 -7.102162 1.000000 
0.647391 -16.045533 1.000000 
-2.757167 -13.680995 1.000000 
8.105718 -11.437534 1.000000 
9.631197 -4.708400 1.000000 
12.064600 0.441865 1.000000 
9.640071 -2.281263 1.000000 
5.358956 -12.382053 1.000000 
10.909074 1.791355 1.000000 
11.227480 -1.742057 1.000000 
8.784580 1.444554 1.000000 
5.064582 -12.505216 1.000000 
1.663644 6.573621 1.000000 
12.472244 -3.393878 1.000000 
5.869384 3.919747 1.000000 
10.884569 -6.337078 1.000000 
12.884124 -2.853693 1.000000 
10.976711 -8.773759 1.000000 
10.101528 -0.293219 1.000000 
10.722783 -10.749990 1.000000 
-4.570888 -9.382953 1.000000 
11.556559 3.163428 1.000000 
6.547592 3.119476 1.000000 
10.279716 2.192724 1.000000 
7.183092 -11.495422 1.000000 
-1.215581 -13.004938 1.000000 
7.163981 -12.911433 1.000000 
13.286982 -5.718762 1.000000 
12.885753 -0.712247 1.000000 
11.459945 -7.624578 1.000000 
11.502330 -4.438105 1.000000 
4.616774 3.291311 1.000000 
7.826430 1.170501 1.000000 
10.200597 -0.337709 1.000000 
11.995802 -6.992359 1.000000 
11.177522 -6.160678 1.000000 
0.778978 -13.672706 1.000000 
10.837578 -9.470498 1.000000 
5.100479 -14.485233 1.000000 
6.828182 5.276072 1.000000 
5.572632 -12.259435 1.000000 
2.972022 -16.416175 1.000000 
9.447952 -12.095272 1.000000 
9.235267 -3.677689 1.000000 
6.569979 1.628682 1.000000 
0.494588 4.260464 1.000000 
6.250031 -14.710503 1.000000 
7.675298 -0.330021 1.000000 
10.413561 -7.694137 1.000000 
12.103725 -4.814812 1.000000 
12.027099 0.835634 1.000000 
10.232780 -11.122588 1.000000 
4.397820 -16.006303 1.000000 
9.221621 -11.679445 1.000000 
11.468948 0.215879 1.000000 
1.167137 2.452006 1.000000 
11.341478 -7.042759 1.000000 
9.780154 0.666649 1.000000 
10.771268 -8.688653 1.000000 
12.624787 -3.810868 1.000000 
10.234113 -0.684366 1.000000 
10.358394 -3.043910 1.000000 
12.332948 -2.804183 1.000000 
9.794326 -3.701575 1.000000 
-0.962359 -15.053565 1.000000 
11.681182 -2.790787 1.000000 
10.339993 0.159850 1.000000 
11.573362 -10.058848 1.000000 
12.568442 -2.521569 1.000000 
11.956510 -4.142448 1.000000 
8.609355 -12.656096 1.000000 
3.919333 3.756436 1.000000 
10.674862 -7.385697 1.000000 
4.452934 2.926959 1.000000 
-0.233313 -14.026307 1.000000 
13.003574 -6.447269 1.000000 
4.393759 3.348064 1.000000 
7.340620 1.644179 1.000000 
8.580106 2.855507 1.000000 
4.937836 -13.513301 1.000000 
6.664495 2.997542 1.000000 
3.290279 6.695196 1.000000 
7.693746 -9.416401 1.000000 
5.898415 2.370379 1.000000 
7.777916 -12.436546 1.000000 
10.463040 -0.109097 1.000000 
5.049919 -15.210089 1.000000 
8.449073 -12.518928 1.000000 
8.511952 1.586874 1.000000 
11.180450 -1.940169 1.000000 
11.959966 -5.111719 1.000000 
6.048031 2.047658 1.000000 
4.539177 -15.239620 1.000000 
3.851301 -11.998811 1.000000 
4.855161 -16.007024 1.000000 
12.669679 -5.456238 1.000000 
0.870346 5.049508 1.000000 
7.761963 2.707657 1.000000 
10.773273 -3.410234 1.000000 
9.898915 -0.730668 1.000000 
-7.019287 -0.392668 1.000000 
11.803920 -12.163472 1.000000 
10.611242 -0.106663 1.000000 
6.724572 1.122592 1.000000 
5.316042 -14.167805 1.000000 
10.623034 -2.031086 1.000000 
12.743215 -1.842689 1.000000 
9.367829 -0.119249 1.000000 
3.042309 -12.563830 1.000000 
7.876852 -9.825541 1.000000 
-2.839050 2.741588 1.000000 
10.452549 -8.923690 1.000000 
10.611861 -5.745026 1.000000 
10.632760 0.061274 1.000000 
-4.982268 5.278467 1.000000 
3.328509 -13.782047 1.000000 
8.351050 -11.215066 1.000000 
-7.037942 -15.345727 1.000000 
7.270345 3.037019 1.000000 
7.815262 -11.577578 1.000000 
8.042264 -0.470874 1.000000 
5.367025 5.399996 1.000000 
10.822332 4.181767 1.000000 
9.816543 -11.305588 1.000000 
9.395730 -4.154065 1.000000 
11.990986 -4.441851 1.000000 
11.603848 -10.728867 1.000000 
10.473822 -7.808255 1.000000 
-3.067286 -13.685192 1.000000 
7.461090 -10.993988 1.000000 
1.996614 -15.475315 1.000000 
7.898351 -12.591295 1.000000 
8.101886 -14.687131 1.000000 
11.741623 -8.195276 1.000000 
1.582670 -17.160727 1.000000 
8.778376 -10.970588 1.000000 
10.378440 -8.580211 1.000000 
11.432386 -5.806175 1.000000 
8.242758 -12.162576 1.000000 
8.025039 -7.294091 1.000000 
10.306550 0.216680 1.000000 
9.206016 -6.750342 1.000000 
8.165303 -0.345324 1.000000 
6.167046 -14.442585 1.000000 
6.686361 -15.143767 1.000000 
8.738439 -9.815720 1.000000 
6.678305 3.330915 1.000000 
-6.131647 -13.004677 1.000000 
7.911631 -12.118564 1.000000 
9.594506 -9.683509 1.000000 
1.816349 5.675328 1.000000 
8.097068 -8.417773 1.000000 
3.216314 -15.704834 1.000000 
2.828799 -14.676071 1.000000 
10.381394 -3.398991 1.000000 
7.292085 0.487056 1.000000 
6.566456 -13.748729 1.000000 
11.109434 2.796419 1.000000 
2.791263 -15.249432 1.000000 
-11.074913 -11.279232 1.000000 
0.910854 3.011950 1.000000 
11.023534 -1.961222 1.000000 
10.257228 -1.344210 1.000000 
11.147344 -4.895477 1.000000 
9.267522 -0.332062 1.000000 
3.648765 -14.521420 1.000000 
9.172831 -4.641254 1.000000 
5.776612 -15.578189 1.000000 
4.398533 -14.898554 1.000000 
5.079485 -11.273337 1.000000 
5.500759 4.644217 1.000000 
-0.513708 7.912855 1.000000 
13.558219 -0.432962 1.000000 
6.008341 -14.506394 1.000000 
10.427149 -0.735394 1.000000 
13.791350 -5.278202 1.000000 
6.819125 -11.756412 1.000000 
10.591586 -3.707288 1.000000 
9.059155 2.160083 1.000000 
5.051624 1.165239 1.000000 
13.386308 -3.639855 1.000000 
10.281184 1.579542 1.000000 
9.296241 -5.732620 1.000000 
1.411602 6.845839 1.000000 
8.460518 -2.965774 1.000000 
1.377343 -14.580709 1.000000 
11.838237 -13.290540 1.000000 
8.180111 -9.951007 1.000000 
10.044269 -6.247008 1.000000 
11.581658 -3.674246 1.000000 
-0.196242 -12.765144 1.000000 
6.164274 -13.524439 1.000000 
6.046535 3.941120 1.000000 
5.843236 -11.033206 1.000000 
8.970554 -10.646344 1.000000 
4.872635 -0.181248 1.000000 
11.766960 -8.891354 1.000000 
10.879585 -8.267572 1.000000 
8.893838 -10.395613 1.000000 
10.112447 -1.127947 1.000000 
6.925526 -12.638756 1.000000 
-0.248816 5.211630 1.000000 
12.308655 -6.117208 1.000000 
6.436394 3.725895 1.000000 
8.411712 -5.234498 1.000000 
6.889455 -15.818785 1.000000 
8.261489 -9.581662 1.000000 
11.277595 -7.424093 1.000000 
-1.838276 4.542741 1.000000 
-7.389027 -11.102398 1.000000 
11.183258 -6.166594 1.000000 
4.420101 4.514818 1.000000 
10.304714 -10.965100 1.000000 
7.844548 -2.693128 1.000000 
2.868823 5.288822 1.000000 
10.674031 -9.354578 1.000000 
6.403424 2.706818 1.000000 
9.797862 -10.112023 1.000000 
9.828604 -5.649656 1.000000 
9.757091 2.040096 1.000000 
1.213693 -15.528795 1.000000 
6.097977 3.719027 1.000000 
10.378074 -7.259448 1.000000 
10.393402 -2.517593 1.000000 
8.495670 1.631648 1.000000 
2.688129 6.588987 1.000000 
10.146098 -3.757876 1.000000 
5.096398 4.823279 1.000000 
5.641771 0.363044 1.000000 
-0.937848 2.835269 1.000000 
11.132813 -3.764942 1.000000 
7.107017 -10.011857 1.000000 
6.079636 -15.190946 1.000000 
8.287836 0.075669 1.000000 
0.319802 4.725444 1.000000 
8.534950 0.798526 1.000000 
-1.292172 -13.123627 1.000000 
9.704590 0.963008 1.000000 
9.439447 -10.920663 1.000000 
2.290877 -13.673569 1.000000 
5.504926 -15.877878 1.000000 
6.818765 -11.397752 1.000000 
8.569742 -2.008877 1.000000 
8.089591 1.866543 1.000000 
6.489102 -13.511446 1.000000 
10.546666 -5.816471 1.000000 
7.622312 3.736486 1.000000 
10.328496 -3.357490 1.000000 
4.601275 5.598317 1.000000 
10.888693 -6.715067 1.000000 
11.209035 -10.527250 1.000000 
10.098637 0.604420 1.000000 
6.627083 -12.260227 1.000000 
9.501023 -12.540631 1.000000 
10.329587 -9.163099 1.000000 
8.984113 -6.220720 1.000000 
2.602746 7.040578 1.000000 
6.593780 1.400207 1.000000 
9.571672 -7.367741 1.000000 
-0.996341 -16.904801 1.000000 
7.899309 -11.402342 1.000000 
11.293231 -7.567176 1.000000 
10.875167 -2.190800 1.000000 
9.261760 -4.278984 1.000000 
4.249156 6.014762 1.000000 
10.565602 -5.021899 1.000000 
4.318386 -15.178343 1.000000 
10.474984 1.567578 1.000000 
-0.929290 -14.264405 1.000000 
-4.497150 3.845784 1.000000 
1.925392 -16.719210 1.000000 
8.050254 3.551520 1.000000 
-0.130952 7.131605 1.000000 
12.744632 -5.975899 1.000000 
11.155703 -6.804069 1.000000 
6.504385 -12.469670 1.000000 
1.006795 5.857437 1.000000 
4.972185 3.964444 1.000000 
-1.105376 4.179818 1.000000 
10.191907 -2.509430 1.000000 
12.505324 -10.402660 1.000000 
-4.378130 -13.800319 1.000000 
1.949849 -14.884018 1.000000 
9.692505 -7.607216 1.000000 
4.524680 3.132342 1.000000 
-10.633496 -2.439691 1.000000 
6.752311 2.954536 1.000000 
10.928809 -7.007684 1.000000 
4.095402 5.500839 1.000000 
9.386330 -3.647242 1.000000 
-0.475014 6.689646 1.000000 
6.907488 -0.417074 1.000000 
8.296899 -3.280313 1.000000 
10.375535 -10.185540 1.000000 
9.106908 -0.396423 1.000000 
12.990814 -3.970673 1.000000 
5.996086 -13.258415 1.000000 
1.083817 -14.468696 1.000000 
11.234658 -5.105596 1.000000 
8.899155 -13.333012 1.000000 
8.824202 -3.540898 1.000000 
1.164459 -14.419077 1.000000 
-3.565569 6.007793 1.000000 
6.763529 -13.864707 1.000000 
10.619981 -7.537869 1.000000 
6.798285 2.748806 1.000000 
6.385466 1.966317 1.000000 
2.755710 -15.400911 1.000000 
7.511216 -11.119755 1.000000 
-5.033932 6.680956 1.000000 
12.211153 -6.274213 1.000000 
9.465317 -9.243069 1.000000 
-2.297339 -15.060686 1.000000 
-1.058871 -16.128637 1.000000 
5.511049 -13.595858 1.000000 
6.502353 0.434687 1.000000 
0.441476 -15.024135 1.000000 
10.392339 -9.057778 1.000000 
5.115549 -11.665351 1.000000 
10.699121 -5.037192 1.000000 
8.642528 -1.803547 1.000000 
9.193184 -5.256170 1.000000 
4.652550 5.416372 1.000000 
7.327082 -9.398853 1.000000 
8.469046 2.570589 1.000000 
11.135647 -5.803104 1.000000 
-2.962620 -15.915722 1.000000 
-5.687295 3.297281 1.000000 
9.309602 1.960464 1.000000 
-8.941976 2.675248 -1.000000 
0.197059 13.634859 -1.000000 
-1.900785 -3.255008 -1.000000 
-3.333319 15.765715 -1.000000 
-5.364921 13.156790 -1.000000 
-4.280610 11.552588 -1.000000 
-5.479182 -0.837294 -1.000000 
-7.037965 -1.813308 -1.000000 
-5.835944 11.207312 -1.000000 
-4.754845 -3.527126 -1.000000 
9.017144 9.022243 -1.000000 
-10.156638 4.164366 -1.000000 
-7.812654 4.850019 -1.000000 
-8.234594 2.018993 -1.000000 
-7.964191 5.095704 -1.000000 
-2.056337 -3.047435 -1.000000 
-7.589549 0.399500 -1.000000 
-8.721513 2.694312 -1.000000 
-2.090777 13.103844 -1.000000 
-0.756801 12.680237 -1.000000 
3.717384 14.345284 -1.000000 
-9.018801 1.743858 -1.000000 
-7.898443 -0.238105 -1.000000 
-9.455393 0.491537 -1.000000 
-9.728750 4.470726 -1.000000 
-11.263502 4.134579 -1.000000 
0.453321 13.539006 -1.000000 
-4.318139 -3.462677 -1.000000 
-9.209469 10.695492 -1.000000 
-5.133311 -4.957280 -1.000000 
-7.265914 -0.469635 -1.000000 
-9.444373 7.939763 -1.000000 
-9.075827 11.997410 -1.000000 
-8.941221 4.040905 -1.000000 
-4.603459 -3.840296 -1.000000 
-8.040250 10.032993 -1.000000 
-6.472989 4.686959 -1.000000 
-3.584975 15.491274 -1.000000 
-4.047747 15.386071 -1.000000 
-8.043219 12.119692 -1.000000 
-2.119301 -5.831230 -1.000000 
-7.426439 0.659646 -1.000000 
-2.732421 15.895565 -1.000000 
-9.668809 2.715874 -1.000000 
-6.216216 12.735239 -1.000000 
-6.249615 10.917869 -1.000000 
-1.982512 -2.983049 -1.000000 
-6.752780 10.830986 -1.000000 
-6.316475 -1.678054 -1.000000 
-9.452410 4.983829 -1.000000 
-2.841537 11.307211 -1.000000 
5.175856 16.101281 -1.000000 
-10.897777 6.719966 -1.000000 
-3.879383 -4.226760 -1.000000 
-10.000411 5.173637 -1.000000 
-8.290234 0.746159 -1.000000 
-8.324547 10.479870 -1.000000 
-11.263104 8.822215 -1.000000 
-6.243446 2.672535 -1.000000 
-3.049513 16.076815 -1.000000 
-3.117179 14.623685 -1.000000 
-6.366282 3.886062 -1.000000 
-2.515285 12.598164 -1.000000 
-1.347341 12.817357 -1.000000 
5.753743 -1.646633 -1.000000 
1.358858 -5.173404 -1.000000 
-7.140709 1.986414 -1.000000 
-10.940441 1.282900 -1.000000 
-3.425888 13.237777 -1.000000 
-7.032016 9.317080 -1.000000 
-7.623061 3.645737 -1.000000 
-9.755233 4.088718 -1.000000 
-8.142770 8.378245 -1.000000 
-10.230714 6.488058 -1.000000 
-10.363091 4.812654 -1.000000 
-6.229790 11.663048 -1.000000 
-6.422153 13.057980 -1.000000 
-7.886018 10.091914 -1.000000 
3.341765 16.352666 -1.000000 
-8.813753 -2.494753 -1.000000 
-6.700143 -1.550573 -1.000000 
-6.473755 3.122745 -1.000000 
-6.826440 10.438813 -1.000000 
-6.683205 -1.145990 -1.000000 
-8.356351 2.972933 -1.000000 
2.624245 15.326587 -1.000000 
-2.613199 -3.733154 -1.000000 
-10.445511 10.067196 -1.000000 
-7.353664 3.173511 -1.000000 
6.719138 15.104159 -1.000000 
-8.600507 1.426939 -1.000000 
-6.704795 5.287099 -1.000000 
-6.582541 14.653683 -1.000000 
4.364026 16.001543 -1.000000 
-1.595162 -2.088197 -1.000000 
-9.697688 5.847792 -1.000000 
-11.038323 1.131676 -1.000000 
-10.866587 8.116536 -1.000000 
5.834875 13.924836 -1.000000 
-3.773860 12.018870 -1.000000 
-7.803530 5.921655 -1.000000 
-6.610893 9.473756 -1.000000 
3.309073 -3.688175 -1.000000 
4.178377 15.327019 -1.000000 
0.572628 -1.312245 -1.000000 
-5.627510 0.628961 -1.000000 
-0.422282 16.777914 -1.000000 
-4.345507 14.246016 -1.000000 
-3.112692 12.640785 -1.000000 
-7.963786 1.688401 -1.000000 
-1.082372 13.513121 -1.000000 
-3.894120 13.920997 -1.000000 
-8.346131 2.553988 -1.000000 
1.217602 12.789981 -1.000000 
-8.940364 6.368213 -1.000000 
-7.164636 3.996271 -1.000000 
-7.799382 1.466743 -1.000000 
2.777029 14.861516 -1.000000 
7.096799 0.899050 -1.000000 
-2.656743 -2.883624 -1.000000 
-5.708898 -1.387953 -1.000000 
-9.871676 11.840919 -1.000000 
-9.496464 9.417838 -1.000000 
-10.084832 1.873514 -1.000000 
-8.120624 8.842355 -1.000000 
-1.610475 -4.567875 -1.000000 
-7.218834 -2.766500 -1.000000 
-6.753796 11.613400 -1.000000 
-7.692459 5.418036 -1.000000 
-2.403386 15.823142 -1.000000 
-6.223782 13.509008 -1.000000 
-5.442682 6.490695 -1.000000 
-4.958208 1.980204 -1.000000 
-9.632790 7.116719 -1.000000 
-8.845064 1.259542 -1.000000 
-8.723779 3.604501 -1.000000 
-9.460507 6.360284 -1.000000 
-8.759307 11.819771 -1.000000 
-6.451779 14.176309 -1.000000 
-4.955304 -7.635800 -1.000000 
-2.624760 -3.348293 -1.000000 
-7.797461 8.705582 -1.000000 
-8.751526 2.668073 -1.000000 
-4.190249 -5.472886 -1.000000 
-8.819460 10.649320 -1.000000 
-8.102007 -0.197746 -1.000000 
-5.309289 -4.477602 -1.000000 
-8.189092 2.256480 -1.000000 
-7.475820 6.974612 -1.000000 
-10.540637 3.828558 -1.000000 
-3.685746 15.179673 -1.000000 
-6.736059 9.245384 -1.000000 
-5.326958 6.904008 -1.000000 
-8.495347 10.211324 -1.000000 
5.380133 13.957036 -1.000000 
-6.226859 13.766747 -1.000000 
-6.962421 3.459676 -1.000000 
4.662490 15.903360 -1.000000 
-7.620166 4.930169 -1.000000 
-7.483702 11.491782 -1.000000 
0.286879 -2.567126 -1.000000 
-7.989604 6.009847 -1.000000 
-3.139904 -6.339700 -1.000000 
-9.325424 7.469452 -1.000000 
-6.137142 -4.605304 -1.000000 
-8.456976 -2.381100 -1.000000 
0.665803 12.995026 -1.000000 
-7.103060 2.046478 -1.000000 
-2.883890 12.103346 -1.000000 
-5.492417 -3.171240 -1.000000 
2.545798 -3.034260 -1.000000 
-2.208012 15.166488 -1.000000 
-5.816362 12.890936 -1.000000 
2.417170 -6.169252 -1.000000 
-6.174704 10.351649 -1.000000 
-7.248997 -1.693990 -1.000000 
-7.500645 3.642237 -1.000000 
-0.586379 -3.814927 -1.000000 
-7.879809 9.844022 -1.000000 
0.767606 14.884721 -1.000000 
-9.832276 8.301819 -1.000000 
5.083765 14.157931 -1.000000 
-7.823123 4.443739 -1.000000 
5.555505 -4.745373 -1.000000 
0.122910 15.715900 -1.000000 
-8.098778 3.549693 -1.000000 
7.081427 -4.169968 -1.000000 
-9.988859 5.205577 -1.000000 
-7.315742 0.697504 -1.000000 
-8.768565 9.429949 -1.000000 
-9.957210 6.991893 -1.000000 
1.154762 -6.657531 -1.000000 
-9.329391 12.638072 -1.000000 
-9.257442 6.377625 -1.000000 
-4.492885 -3.720297 -1.000000 
-6.219680 -1.717003 -1.000000 
-2.442413 14.461414 -1.000000 
-10.196323 7.675960 -1.000000 
-10.753264 6.140757 -1.000000 
-1.734297 -3.703084 -1.000000 
-7.152850 -2.155395 -1.000000 
-5.509944 13.332263 -1.000000 
-7.667974 9.611234 -1.000000 
-2.374228 -5.747167 -1.000000 
-6.637559 -1.076249 -1.000000 
-6.303882 -1.412232 -1.000000 
0.456050 -6.025483 -1.000000 
-2.802466 13.032572 -1.000000 
-9.333577 4.455769 -1.000000 
-7.671774 0.910241 -1.000000 
-8.878080 9.287791 -1.000000 
-5.606728 -3.089188 -1.000000 
-4.063357 -3.551709 -1.000000 
11.086758 2.453922 -1.000000 
-10.916099 7.473222 -1.000000 
-0.958508 -8.325612 -1.000000 
-9.454645 10.726718 -1.000000 
-8.989615 5.589548 -1.000000 
-6.939613 0.627060 -1.000000 
2.122895 16.447765 -1.000000 
-5.107328 13.771281 -1.000000 
-9.157625 9.342731 -1.000000 
-7.618620 5.748806 -1.000000 
-7.405659 9.404299 -1.000000 
-5.927465 2.828022 -1.000000 
-4.623229 -2.904866 -1.000000 
-3.946306 -5.202977 -1.000000 
-8.713785 0.085124 -1.000000 
-1.878825 -5.240045 -1.000000 
-4.615955 11.262341 -1.000000 
1.967864 -5.000474 -1.000000 
-2.916651 15.457398 -1.000000 
-2.546036 13.790969 -1.000000 
-8.399654 3.484104 -1.000000 
0.814975 -4.182964 -1.000000 
-9.043308 -1.755126 -1.000000 
-1.316296 -3.869300 -1.000000 
2.185877 -4.579093 -1.000000 
-10.622752 7.607357 -1.000000 
-0.628269 14.814131 -1.000000 
-9.187984 6.046907 -1.000000 
-11.018322 2.745531 -1.000000 
-8.840230 2.202047 -1.000000 
4.274426 -3.602453 -1.000000 
-8.502644 10.556903 -1.000000 
-3.184563 -3.736293 -1.000000 
-7.059420 -1.470368 -1.000000 
-9.849740 5.029643 -1.000000 
-10.125015 3.128665 -1.000000 
-9.319104 9.110596 -1.000000 
-9.531026 1.707974 -1.000000 
-7.678763 -1.131350 -1.000000 
-1.723969 15.318806 -1.000000 
1.621409 13.430699 -1.000000 
-5.740786 -2.508454 -1.000000 
-6.020792 -0.004890 -1.000000 
-8.960752 8.557626 -1.000000 
0.657434 -4.913296 -1.000000 
-5.556813 1.129981 -1.000000 
2.292809 15.263516 -1.000000 
5.606257 -3.739520 -1.000000 
1.901682 10.712281 -1.000000 
-1.360481 14.657170 -1.000000 
-8.670074 9.938302 -1.000000 
-3.210110 -2.683851 -1.000000 
-3.617421 -2.572036 -1.000000 
-10.736405 2.023765 -1.000000 
-6.001826 1.523017 -1.000000 
-7.108737 10.138370 -1.000000 
-8.548304 6.294677 -1.000000 
-4.382260 14.154542 -1.000000 
-8.120015 3.237711 -1.000000 
-8.026916 12.597304 -1.000000 
-4.781846 12.802007 -1.000000 
-5.623224 -4.204458 -1.000000 
1.964358 -4.859408 -1.000000 
-3.573820 12.951179 -1.000000 
-5.966470 -0.370427 -1.000000 
1.375749 15.218374 -1.000000 
-7.528996 9.209732 -1.000000 
-4.975016 14.176123 -1.000000 
-5.503635 12.549607 -1.000000 
-5.909184 6.011455 -1.000000 
5.336373 14.703879 -1.000000 
-8.590466 1.004199 -1.000000 
-6.185742 -1.256718 -1.000000 
-5.971547 13.981479 -1.000000 
-5.636446 -2.081332 -1.000000 
-7.628061 0.368762 -1.000000 
-4.039710 -0.740395 -1.000000 
-6.921002 -2.072290 -1.000000 
-8.221795 7.075494 -1.000000 
-3.658672 -2.822356 -1.000000 
-5.847955 9.988735 -1.000000 
4.033284 -5.372022 -1.000000 
-2.950347 13.257643 -1.000000 
2.026833 14.172137 -1.000000 
-7.958690 5.457045 -1.000000 
-6.285978 7.542547 -1.000000 
-8.297168 2.965710 -1.000000 
-9.233563 9.284977 -1.000000 
-9.543067 6.768580 -1.000000 
-8.182897 3.659011 -1.000000 
-8.340413 6.832603 -1.000000 
-7.664579 -0.851441 -1.000000 
-8.280668 10.758932 -1.000000 
-7.119349 2.542918 -1.000000 
9.014920 10.895668 -1.000000 
-5.745063 9.628787 -1.000000 
-8.899181 7.077848 -1.000000 
2.253629 14.864981 -1.000000 
-6.941288 2.751654 -1.000000 
-0.972939 15.189953 -1.000000 
-3.564394 -6.383078 -1.000000 
-6.014004 10.015785 -1.000000 
-7.705968 0.461569 -1.000000 
-10.396613 6.611931 -1.000000 
-11.137455 6.302460 -1.000000 
0.109377 -7.368503 -1.000000 
-3.018576 12.843657 -1.000000 
-10.176141 0.777530 -1.000000 
-4.321094 9.935583 -1.000000 
-8.249929 5.134294 -1.000000 
-0.143149 -5.011285 -1.000000 
-7.319083 11.390982 -1.000000 
-4.071583 -5.418423 -1.000000 
-6.687608 8.735411 -1.000000 
-9.032846 2.273533 -1.000000 
-7.999688 13.273715 -1.000000 
-7.698463 -0.022288 -1.000000 
-6.456671 9.260000 -1.000000 
0.023755 -3.105773 -1.000000 
-8.824188 -1.376583 -1.000000 
-6.740149 -2.293975 -1.000000 
-7.808096 1.316789 -1.000000 
-8.462214 8.297989 -1.000000 
2.661692 16.259411 -1.000000 
-1.836079 -6.138709 -1.000000 
2.566266 14.028319 -1.000000 
-8.454822 11.792565 -1.000000 
-7.486964 -0.149158 -1.000000 
-7.230812 -4.627344 -1.000000 
-9.530415 5.953867 -1.000000 
-5.503592 -3.031316 -1.000000 
-2.916535 15.987079 -1.000000 
-8.381128 9.799325 -1.000000 
-9.304348 4.531681 -1.000000 
-6.979404 10.687462 -1.000000 
-7.904038 -0.958581 -1.000000 
-7.124781 -0.892086 -1.000000 
-2.322397 -4.860908 -1.000000 
-4.938321 10.005237 -1.000000 
-8.036751 0.200342 -1.000000 
-5.689367 -3.159927 -1.000000 
-8.398440 4.782008 -1.000000 
-4.483432 12.909290 -1.000000 
7.673707 -2.538022 -1.000000 
-2.124078 -5.631512 -1.000000 
-4.307237 15.275725 -1.000000 
-5.452409 15.191846 -1.000000 
-5.868449 13.308314 -1.000000 
-5.379695 9.702332 -1.000000 
-3.530834 -2.283217 -1.000000 
-1.242834 -7.070372 -1.000000 
-7.321390 8.320318 -1.000000 
-0.357904 14.942375 -1.000000 
-6.729266 -3.133974 -1.000000 
-0.397761 -4.689307 -1.000000 
-6.662961 6.899487 -1.000000 
0.257084 -3.768686 -1.000000 
-4.802779 13.910882 -1.000000 
-7.807686 11.419996 -1.000000 
-5.635408 -0.177775 -1.000000 
-2.134642 -4.546624 -1.000000 
-5.973166 -1.590908 -1.000000 
-11.339414 4.966963 -1.000000 
-9.402221 0.912711 -1.000000 
-9.916379 4.712308 -1.000000 
2.691004 14.131905 -1.000000 
-8.894936 2.685332 -1.000000 
-7.084279 1.287887 -1.000000 
-9.299114 7.433615 -1.000000 
-5.045828 -2.724858 -1.000000 
-5.950929 10.402192 -1.000000 
-5.956108 -2.226701 -1.000000 
-6.430333 9.826680 -1.000000 
-5.991845 14.066274 -1.000000 
-8.471863 3.101268 -1.000000 
-13.236190 6.464400 -1.000000 
-11.586708 0.907290 -1.000000 
-9.936278 2.628914 -1.000000 
-11.142587 7.967603 -1.000000 
-8.021212 -1.323507 -1.000000 
-5.369928 12.266319 -1.000000 
-3.866966 -2.024694 -1.000000 
-7.403826 -0.292632 -1.000000 
-9.621752 2.248117 -1.000000 
-3.697955 13.688663 -1.000000 
-0.038211 14.609412 -1.000000 
-10.066340 3.193915 -1.000000 
-7.156001 -0.780345 -1.000000 
-8.341624 6.561775 -1.000000 
-8.661809 8.929558 -1.000000 
-5.872248 7.548533 -1.000000 
-7.923131 13.220189 -1.000000 
-6.914150 13.840838 -1.000000 
-3.551041 15.394718 -1.000000 
-9.559430 7.733764 -1.000000 
-1.269923 -3.985199 -1.000000 
-10.147613 3.422819 -1.000000 
-10.567310 6.844753 -1.000000 
-10.930252 5.453554 -1.000000 
-6.758124 11.062755 -1.000000 
0.154726 15.092877 -1.000000 
-6.183560 -0.701465 -1.000000 
-7.687144 1.511355 -1.000000 
-8.468748 3.473557 -1.000000 
3.202110 14.390086 -1.000000 
-3.784469 -3.146518 -1.000000 
-3.060720 15.571702 -1.000000 
-8.468724 1.060752 -1.000000 
-8.677065 1.672428 -1.000000 
-2.674046 13.322035 -1.000000 
2.742119 -5.605754 -1.000000 
-10.298023 7.004823 -1.000000 
-6.397315 10.944184 -1.000000 
-0.150468 15.468448 -1.000000 
-6.947959 10.713158 -1.000000 
2.236191 -4.588887 -1.000000 
-7.021345 7.949940 -1.000000 
-8.882780 6.455835 -1.000000 
-4.220352 -1.659890 -1.000000 
-5.706296 8.373928 -1.000000 
-8.150258 2.424322 -1.000000 
-6.088732 7.745463 -1.000000 
-5.660985 12.986688 -1.000000 
-5.770257 -3.905494 -1.000000 
-6.188720 12.867450 -1.000000 
-8.634345 -1.351853 -1.000000 
6.535613 14.842181 -1.000000 
-8.450513 3.017860 -1.000000 
-8.224531 -2.142065 -1.000000 
4.601705 -6.166639 -1.000000 
-6.615309 0.438860 -1.000000 
5.426529 12.624669 -1.000000 
-2.555979 -2.938277 -1.000000 
7.356397 -2.691972 -1.000000 
-8.531482 4.454235 -1.000000 
-6.771100 12.065834 -1.000000 
11.282096 0.140540 -1.000000 
-10.115533 4.399514 -1.000000 
-1.082031 -4.816701 -1.000000 
-2.093602 -4.823786 -1.000000 
-10.074929 2.578330 -1.000000 
3.058768 15.728048 -1.000000 
-0.081678 -5.242337 -1.000000 
-4.631251 -4.026033 -1.000000 
-4.048837 10.827635 -1.000000 
-8.768482 -1.194658 -1.000000 
-8.342655 1.709315 -1.000000 
-5.339495 11.520989 -1.000000 
-9.433478 2.393777 -1.000000 
-7.387275 4.515196 -1.000000 
-0.193537 12.792139 -1.000000 
-4.715765 -6.664395 -1.000000 
-9.141916 5.829477 -1.000000 
5.359900 13.365281 -1.000000 
5.028666 14.524933 -1.000000 
-7.929692 0.640171 -1.000000 
-6.504129 9.866360 -1.000000 
-4.951967 11.891589 -1.000000 
10.197173 5.785982 -1.000000 
-2.295977 16.009623 -1.000000 
-1.537090 16.992401 -1.000000 
-2.201120 11.847012 -1.000000 
-8.804068 5.201089 -1.000000 
-9.020656 4.985501 -1.000000 
-2.864764 -4.306691 -1.000000 
-2.719956 13.458343 -1.000000 
-8.442223 1.445556 -1.000000 
-8.930665 0.647528 -1.000000 
-8.715854 -2.195493 -1.000000 
-3.107371 -3.548257 -1.000000 
-7.536797 8.191585 -1.000000 
-9.211460 -1.238124 -1.000000 
-4.626675 -4.145447 -1.000000 
-9.126101 4.914536 -1.000000 
-4.413601 -1.139342 -1.000000 
-6.939724 6.843410 -1.000000 
-8.470957 5.721365 -1.000000 
-2.827187 -4.705227 -1.000000 
-9.354548 -1.083773 -1.000000 
-7.869311 2.560753 -1.000000 
-6.030626 -3.545286 -1.000000 
-6.570831 5.316951 -1.000000 
-8.262070 10.283479 -1.000000 
-8.115934 -0.552160 -1.000000 
-4.257679 -1.949900 -1.000000 
0.914203 -5.565144 -1.000000 
9.624088 -3.167346 -1.000000 
